[ 0.         -0.36435923 -0.4276517  -0.6791109   0.01197425 -0.4276517 ]
[-0.360938   -0.36435923 -0.61581844 -0.23948495 -0.3010668   0.4516002 ]
[-0.5405517  -0.8672776  -0.8672776  -0.552526   -0.49094415 -0.0513182 ]
[-0.9014898  -0.61581844 -0.552526   -0.7424033  -0.7424033  -0.7424033 ]
[-0.2993562   0.13684854 -0.3010668   0.0752667   0.5781851   0.0752667 ]
[-0.12145308  0.26343346 -0.11461065  0.200141    0.7663518   0.13684854]
[ 0.11974248  0.4516002   0.5781851   0.5781851  -0.11461065  0.200141  ]
[ 0.11974248  0.01197425  0.0752667  -0.0513182  -0.0513182   0.01197425]
[ 0.05987124 -0.0513182  -0.23948495 -0.1779031  -0.11461065 -0.0513182 ]
[-0.9014898  -0.61581844 -0.552526   -0.7424033  -0.7424033  -0.7424033 ]
[-0.2993562   0.13684854 -0.3010668   0.0752667   0.5781851   0.0752667 ]
[-0.12145308  0.26343346 -0.11461065  0.200141    0.7663518   0.13684854]
[ 0.11974248  0.4516002   0.5781851   0.5781851  -0.11461065  0.200141  ]
[ 0.11974248  0.01197425  0.0752667  -0.0513182  -0.0513182   0.01197425]
[ 0.05987124 -0.0513182  -0.23948495 -0.1779031  -0.11461065 -0.0513182 ]
[ 0.11974248 -0.0513182   0.01197425  0.200141   -0.1779031   0.0752667 ]
[-0.05987124  0.01197425  0.0752667   0.13684854 -0.1779031   0.3267259 ]
[-0.360938   -0.49094415 -0.4276517  -0.23948495 -0.552526   -0.4276517 ]
[ 0.11974248  0.4516002   0.5781851   0.5781851  -0.11461065  0.200141  ]
[ 0.11974248  0.01197425  0.0752667  -0.0513182  -0.0513182   0.01197425]
[ 0.05987124 -0.0513182  -0.23948495 -0.1779031  -0.11461065 -0.0513182 ]
[ 0.11974248 -0.0513182   0.01197425  0.200141   -0.1779031   0.0752667 ]
[-0.05987124  0.01197425  0.0752667   0.13684854 -0.1779031   0.3267259 ]
[-0.360938   -0.49094415 -0.4276517  -0.23948495 -0.552526   -0.4276517 ]
[ 0.3010668   0.39001834 -0.11461065  0.0752667   0.13684854  0.0752667 ]
[ 0.          0.26343346  0.01197425  0.3267259  -0.0513182   0.26343346]
[ 0.05987124  0.6414775   0.0752667   0.51489264 -0.0513182   0.6414775 ]
[ 0.11974248 -0.0513182   0.01197425  0.200141   -0.1779031   0.0752667 ]
[-0.05987124  0.01197425  0.0752667   0.13684854 -0.1779031   0.3267259 ]
[-0.360938   -0.49094415 -0.4276517  -0.23948495 -0.552526   -0.4276517 ]
[ 0.3010668   0.39001834 -0.11461065  0.0752667   0.13684854  0.0752667 ]
[ 0.          0.26343346  0.01197425  0.3267259  -0.0513182   0.26343346]
[ 0.05987124  0.6414775   0.0752667   0.51489264 -0.0513182   0.6414775 ]
[ 0.3010668  -0.3010668   0.01197425 -0.552526    0.0752667  -0.0513182 ]
[-0.18132432 -0.11461065 -0.11461065 -0.23948495 -0.11461065  0.0752667 ]
[ 0.11974248  0.0752667   0.0752667  -0.11461065 -0.0513182   0.200141  ]
[ 0.3010668   0.39001834 -0.11461065  0.0752667   0.13684854  0.0752667 ]
[ 0.          0.26343346  0.01197425  0.3267259  -0.0513182   0.26343346]
[ 0.05987124  0.6414775   0.0752667   0.51489264 -0.0513182   0.6414775 ]
[ 0.3010668  -0.3010668   0.01197425 -0.552526    0.0752667  -0.0513182 ]
[-0.18132432 -0.11461065 -0.11461065 -0.23948495 -0.11461065  0.0752667 ]
[ 0.11974248  0.0752667   0.0752667  -0.11461065 -0.0513182   0.200141  ]
[-0.18132432 -0.36435923 -0.36435923 -0.7424033   8.320392   -0.4276517 ]
[-0.2993562 -0.4276517 -0.3010668 -0.6791109 -0.3010668 -0.1779031]
[-0.2993562  -0.7424033  -0.23948495 -0.7424033  -0.23948495 -0.3010668 ]
[ 0.3010668  -0.3010668   0.01197425 -0.552526    0.0752667  -0.0513182 ]
[-0.18132432 -0.11461065 -0.11461065 -0.23948495 -0.11461065  0.0752667 ]
[ 0.11974248  0.0752667   0.0752667  -0.11461065 -0.0513182   0.200141  ]
[-0.18132432 -0.36435923 -0.36435923 -0.7424033   8.320392   -0.4276517 ]
[-0.2993562 -0.4276517 -0.3010668 -0.6791109 -0.3010668 -0.1779031]
[-0.2993562  -0.7424033  -0.23948495 -0.7424033  -0.23948495 -0.3010668 ]
[-0.05987124 -0.1779031   0.3267259   0.0752667  -0.11461065 -0.23948495]
[-0.12145308 -0.3010668  -0.1779031  -0.552526   -0.11461065 -0.36435923]
[0.05987124 0.200141   0.0752667  0.01197425 0.01197425 0.200141  ]
[-0.18132432 -0.36435923 -0.36435923 -0.7424033   8.320392   -0.4276517 ]
[-0.2993562 -0.4276517 -0.3010668 -0.6791109 -0.3010668 -0.1779031]
[-0.2993562  -0.7424033  -0.23948495 -0.7424033  -0.23948495 -0.3010668 ]
[-0.05987124 -0.1779031   0.3267259   0.0752667  -0.11461065 -0.23948495]
[-0.12145308 -0.3010668  -0.1779031  -0.552526   -0.11461065 -0.36435923]
[0.05987124 0.200141   0.0752667  0.01197425 0.01197425 0.200141  ]
[-0.84161854  0.13684854 -0.23948495 -0.36435923 -0.6791109  -0.4276517 ]
[ 0.6021336  -0.1779031   0.13684854 -0.552526    0.0752667   0.26343346]
[ 0.24119556 -0.3010668  -0.11461065 -0.552526   -0.36435923 -0.3010668 ]
[-0.05987124 -0.1779031   0.3267259   0.0752667  -0.11461065 -0.23948495]
[-0.12145308 -0.3010668  -0.1779031  -0.552526   -0.11461065 -0.36435923]
[0.05987124 0.200141   0.0752667  0.01197425 0.01197425 0.200141  ]
[-0.84161854  0.13684854 -0.23948495 -0.36435923 -0.6791109  -0.4276517 ]
[ 0.6021336  -0.1779031   0.13684854 -0.552526    0.0752667   0.26343346]
[ 0.24119556 -0.3010668  -0.11461065 -0.552526   -0.36435923 -0.3010668 ]
[-0.05987124  0.3267259   0.0752667   0.4516002   0.13684854  0.51489264]
[0.721876   0.51489264 0.39001834 0.01197425 0.4516002  0.26343346]
[ 0.360938   -0.1779031   0.01197425 -0.49094415  0.13684854 -0.552526  ]
[-0.84161854  0.13684854 -0.23948495 -0.36435923 -0.6791109  -0.4276517 ]
[ 0.6021336  -0.1779031   0.13684854 -0.552526    0.0752667   0.26343346]
[ 0.24119556 -0.3010668  -0.11461065 -0.552526   -0.36435923 -0.3010668 ]
[-0.05987124  0.3267259   0.0752667   0.4516002   0.13684854  0.51489264]
[0.721876   0.51489264 0.39001834 0.01197425 0.4516002  0.26343346]
[ 0.360938   -0.1779031   0.01197425 -0.49094415  0.13684854 -0.552526  ]
[0.5422623  2.34011    0.7663518  2.088651   0.39001834 2.088651  ]
[0.        2.6548617 0.200141  2.5299873 0.4516002 2.844739 ]
[ 0.         2.7181542  0.200141   2.7814467 -0.0513182  2.6548617]
[-0.05987124  0.3267259   0.0752667   0.4516002   0.13684854  0.51489264]
[0.721876   0.51489264 0.39001834 0.01197425 0.4516002  0.26343346]
[ 0.360938   -0.1779031   0.01197425 -0.49094415  0.13684854 -0.552526  ]
[0.5422623  2.34011    0.7663518  2.088651   0.39001834 2.088651  ]
[0.        2.6548617 0.200141  2.5299873 0.4516002 2.844739 ]
[ 0.         2.7181542  0.200141   2.7814467 -0.0513182  2.6548617]
[-0.721876   -0.7424033  -0.9938625  -0.6791109  -0.36435923 -0.552526  ]
[-0.600423   -0.3010668  -0.8056958  -0.36435923  0.13684854  0.200141  ]
[-0.7817473  -0.23948495 -0.9938625   0.0752667  -0.36435923 -0.3010668 ]
[0.5422623  2.34011    0.7663518  2.088651   0.39001834 2.088651  ]
[0.        2.6548617 0.200141  2.5299873 0.4516002 2.844739 ]
[ 0.         2.7181542  0.200141   2.7814467 -0.0513182  2.6548617]
[-0.721876   -0.7424033  -0.9938625  -0.6791109  -0.36435923 -0.552526  ]
[-0.600423   -0.3010668  -0.8056958  -0.36435923  0.13684854  0.200141  ]
[-0.7817473  -0.23948495 -0.9938625   0.0752667  -0.36435923 -0.3010668 ]
[ 7.9474792  -0.0513182   8.320392   -0.11461065 -0.36435923 -0.23948495]
[-0.24119556 -0.23948495 -0.23948495 -0.3010668  -0.23948495 -0.552526  ]
[ 0.         -0.0513182  -0.11461065  0.0752667  -0.0513182  -0.36435923]
[-0.721876   -0.7424033  -0.9938625  -0.6791109  -0.36435923 -0.552526  ]
[-0.600423   -0.3010668  -0.8056958  -0.36435923  0.13684854  0.200141  ]
[-0.7817473  -0.23948495 -0.9938625   0.0752667  -0.36435923 -0.3010668 ]
[ 7.9474792  -0.0513182   8.320392   -0.11461065 -0.36435923 -0.23948495]
[-0.24119556 -0.23948495 -0.23948495 -0.3010668  -0.23948495 -0.552526  ]
[ 0.         -0.0513182  -0.11461065  0.0752667  -0.0513182  -0.36435923]
[0.11974248 1.0811034  0.13684854 0.3267259  0.200141   0.9562292 ]
[0.05987124 1.2076883  0.01197425 0.3267259  0.01197425 0.8929367 ]
[0.05987124 1.0811034  0.01197425 0.3267259  0.13684854 0.6414775 ]
[ 7.9474792  -0.0513182   8.320392   -0.11461065 -0.36435923 -0.23948495]
[-0.24119556 -0.23948495 -0.23948495 -0.3010668  -0.23948495 -0.552526  ]
[ 0.         -0.0513182  -0.11461065  0.0752667  -0.0513182  -0.36435923]
[0.11974248 1.0811034  0.13684854 0.3267259  0.200141   0.9562292 ]
[0.05987124 1.2076883  0.01197425 0.3267259  0.01197425 0.8929367 ]
[0.05987124 1.0811034  0.01197425 0.3267259  0.13684854 0.6414775 ]
[ 7.9474792   0.01197425  8.320392    8.320392   -0.26685464 -0.26685464]
[ 0.17961371  0.3267259   0.26343346 -0.1779031   0.13684854  0.26343346]
[ 0.         -0.11461065  0.01197425 -0.23948495  0.200141    0.0752667 ]
[0.11974248 1.0811034  0.13684854 0.3267259  0.200141   0.9562292 ]
[0.05987124 1.2076883  0.01197425 0.3267259  0.01197425 0.8929367 ]
[0.05987124 1.0811034  0.01197425 0.3267259  0.13684854 0.6414775 ]
[ 7.9474792   0.01197425  8.320392    8.320392   -0.26685464 -0.26685464]
[ 0.17961371  0.3267259   0.26343346 -0.1779031   0.13684854  0.26343346]
[ 0.         -0.11461065  0.01197425 -0.23948495  0.200141    0.0752667 ]
[-0.6620048  -0.3010668  -0.1779031  -0.11461065 -0.1779031   0.0752667 ]
[ 0.11974248 -0.3010668  -0.11461065 -0.36435923 -0.0513182  -0.1779031 ]
[-0.05987124 -0.3010668  -0.1779031  -0.3010668   0.01197425  0.01197425]
[ 7.9474792   0.01197425  8.320392    8.320392   -0.26685464 -0.26685464]
[ 0.17961371  0.3267259   0.26343346 -0.1779031   0.13684854  0.26343346]
[ 0.         -0.11461065  0.01197425 -0.23948495  0.200141    0.0752667 ]
[-0.6620048  -0.3010668  -0.1779031  -0.11461065 -0.1779031   0.0752667 ]
[ 0.11974248 -0.3010668  -0.11461065 -0.36435923 -0.0513182  -0.1779031 ]
[-0.05987124 -0.3010668  -0.1779031  -0.3010668   0.01197425  0.01197425]
[-0.4806805   0.0752667  -0.552526    0.200141   -0.61581844 -0.0513182 ]
[ 0.24119556  0.26343346  0.01197425 -0.0513182  -0.11461065 -0.11461065]
[ 0.05987124 -0.0513182   0.13684854  0.01197425  0.26343346  0.26343346]
[-0.6620048  -0.3010668  -0.1779031  -0.11461065 -0.1779031   0.0752667 ]
[ 0.11974248 -0.3010668  -0.11461065 -0.36435923 -0.0513182  -0.1779031 ]
[-0.05987124 -0.3010668  -0.1779031  -0.3010668   0.01197425  0.01197425]
[-0.4806805   0.0752667  -0.552526    0.200141   -0.61581844 -0.0513182 ]
[ 0.24119556  0.26343346  0.01197425 -0.0513182  -0.11461065 -0.11461065]
[ 0.05987124 -0.0513182   0.13684854  0.01197425  0.26343346  0.26343346]
[-1.3240097  -0.61581844 -0.8672776  -0.61581844 -0.8672776  -0.93057007]
[ 0.05987124 -0.23948495  0.200141   -0.552526    0.0752667   0.200141  ]
[ 0.24119556  0.200141    0.200141    0.0752667  -0.0513182   0.13684854]
[-0.4806805   0.0752667  -0.552526    0.200141   -0.61581844 -0.0513182 ]
[ 0.24119556  0.26343346  0.01197425 -0.0513182  -0.11461065 -0.11461065]
[ 0.05987124 -0.0513182   0.13684854  0.01197425  0.26343346  0.26343346]
[-1.3240097  -0.61581844 -0.8672776  -0.61581844 -0.8672776  -0.93057007]
[ 0.05987124 -0.23948495  0.200141   -0.552526    0.0752667   0.200141  ]
[ 0.24119556  0.200141    0.200141    0.0752667  -0.0513182   0.13684854]
[-0.42080927 -0.93057007 -0.4276517  -0.8056958   0.200141   -0.23948495]
[-0.24119556 -0.0513182   0.0752667  -0.7424033  -0.3010668  -0.4276517 ]
[0.6021336  0.13684854 0.3267259  0.13684854 0.26343346 0.39001834]
[-1.3240097  -0.61581844 -0.8672776  -0.61581844 -0.8672776  -0.93057007]
[ 0.05987124 -0.23948495  0.200141   -0.552526    0.0752667   0.200141  ]
[ 0.24119556  0.200141    0.200141    0.0752667  -0.0513182   0.13684854]
[-0.42080927 -0.93057007 -0.4276517  -0.8056958   0.200141   -0.23948495]
[-0.24119556 -0.0513182   0.0752667  -0.7424033  -0.3010668  -0.4276517 ]
[0.6021336  0.13684854 0.3267259  0.13684854 0.26343346 0.39001834]
[-0.4806805 -0.8056958 -0.552526  -0.8056958 -0.4276517 -0.6791109]
[ 0.11974248  0.0752667   0.0752667  -0.11461065  0.3267259  -0.0513182 ]
[ 0.          0.0752667  -0.0513182   0.4516002   0.13684854  0.200141  ]
[-0.42080927 -0.93057007 -0.4276517  -0.8056958   0.200141   -0.23948495]
[-0.24119556 -0.0513182   0.0752667  -0.7424033  -0.3010668  -0.4276517 ]
[0.6021336  0.13684854 0.3267259  0.13684854 0.26343346 0.39001834]
[-0.4806805 -0.8056958 -0.552526  -0.8056958 -0.4276517 -0.6791109]
[ 0.11974248  0.0752667   0.0752667  -0.11461065  0.3267259  -0.0513182 ]
[ 0.          0.0752667  -0.0513182   0.4516002   0.13684854  0.200141  ]
[ 0.24119556  0.82964426 -0.1779031   0.6414775  -0.11461065  0.0752667 ]
[-0.18132432 -0.7424033  -0.4276517  -0.8672776   0.13684854 -0.552526  ]
[ 0.05987124 -0.23948495 -0.36435923 -0.7424033   0.13684854 -0.49094415]
[-0.4806805 -0.8056958 -0.552526  -0.8056958 -0.4276517 -0.6791109]
[ 0.11974248  0.0752667   0.0752667  -0.11461065  0.3267259  -0.0513182 ]
[ 0.          0.0752667  -0.0513182   0.4516002   0.13684854  0.200141  ]
[ 0.24119556  0.82964426 -0.1779031   0.6414775  -0.11461065  0.0752667 ]
[-0.18132432 -0.7424033  -0.4276517  -0.8672776   0.13684854 -0.552526  ]
[ 0.05987124 -0.23948495 -0.36435923 -0.7424033   0.13684854 -0.49094415]
[0.7817473  0.26343346 0.51489264 0.3267259  0.3267259  0.13684854]
[-0.05987124  0.01197425  0.13684854  0.01197425  0.200141    0.200141  ]
[0.         0.13684854 0.01197425 0.3267259  0.0752667  0.13684854]
[ 0.24119556  0.82964426 -0.1779031   0.6414775  -0.11461065  0.0752667 ]
[-0.18132432 -0.7424033  -0.4276517  -0.8672776   0.13684854 -0.552526  ]
[ 0.05987124 -0.23948495 -0.36435923 -0.7424033   0.13684854 -0.49094415]
[0.7817473  0.26343346 0.51489264 0.3267259  0.3267259  0.13684854]
[-0.05987124  0.01197425  0.13684854  0.01197425  0.200141    0.200141  ]
[0.         0.13684854 0.01197425 0.3267259  0.0752667  0.13684854]
[-0.2993562  -0.93057007 -0.3010668  -0.61581844 -0.0513182   0.3267259 ]
[ 0.17961371 -0.61581844  0.200141   -0.6791109   0.13684854 -0.3010668 ]
[ 0.360938   -0.4276517   0.39001834 -0.7424033   0.39001834 -0.23948495]
[0.7817473  0.26343346 0.51489264 0.3267259  0.3267259  0.13684854]
[-0.05987124  0.01197425  0.13684854  0.01197425  0.200141    0.200141  ]
[0.         0.13684854 0.01197425 0.3267259  0.0752667  0.13684854]
[-0.2993562  -0.93057007 -0.3010668  -0.61581844 -0.0513182   0.3267259 ]
[ 0.17961371 -0.61581844  0.200141   -0.6791109   0.13684854 -0.3010668 ]
[ 0.360938   -0.4276517   0.39001834 -0.7424033   0.39001834 -0.23948495]
[0.84332913 0.39001834 0.6414775  0.39001834 0.39001834 0.200141  ]
[ 0.5422623   0.26343346  0.26343346  0.70476997  0.3267259  -0.552526  ]
[ 0.5422623  -0.49094415  0.3267259   0.0752667   0.26343346 -0.552526  ]
[-0.2993562  -0.93057007 -0.3010668  -0.61581844 -0.0513182   0.3267259 ]
[ 0.17961371 -0.61581844  0.200141   -0.6791109   0.13684854 -0.3010668 ]
[ 0.360938   -0.4276517   0.39001834 -0.7424033   0.39001834 -0.23948495]
[0.84332913 0.39001834 0.6414775  0.39001834 0.39001834 0.200141  ]
[ 0.5422623   0.26343346  0.26343346  0.70476997  0.3267259  -0.552526  ]
[ 0.5422623  -0.49094415  0.3267259   0.0752667   0.26343346 -0.552526  ]
[ 0.11974248 -0.1779031   0.0752667  -0.0513182   0.0752667  -0.3010668 ]
[ 0.11974248 -0.0513182   0.13684854 -0.11461065  0.26343346 -0.36435923]
[ 0.3010668  -0.1779031   0.01197425 -0.552526   -0.0513182  -0.552526  ]
[0.84332913 0.39001834 0.6414775  0.39001834 0.39001834 0.200141  ]
[ 0.5422623   0.26343346  0.26343346  0.70476997  0.3267259  -0.552526  ]
[ 0.5422623  -0.49094415  0.3267259   0.0752667   0.26343346 -0.552526  ]
[ 0.11974248 -0.1779031   0.0752667  -0.0513182   0.0752667  -0.3010668 ]
[ 0.11974248 -0.0513182   0.13684854 -0.11461065  0.26343346 -0.36435923]
[ 0.3010668  -0.1779031   0.01197425 -0.552526   -0.0513182  -0.552526  ]
[-0.12145308  0.0752667  -0.3010668   0.01197425 -0.26685464 -0.26685464]
[ 0.3010668   0.3267259  -0.11461065  0.0752667   0.200141    0.26343346]
[0.3010668  0.4516002  0.0752667  0.4516002  0.13684854 0.0752667 ]
[ 0.11974248 -0.1779031   0.0752667  -0.0513182   0.0752667  -0.3010668 ]
[ 0.11974248 -0.0513182   0.13684854 -0.11461065  0.26343346 -0.36435923]
[ 0.3010668  -0.1779031   0.01197425 -0.552526   -0.0513182  -0.552526  ]
[-0.12145308  0.0752667  -0.3010668   0.01197425 -0.26685464 -0.26685464]
[ 0.3010668   0.3267259  -0.11461065  0.0752667   0.200141    0.26343346]
[0.3010668  0.4516002  0.0752667  0.4516002  0.13684854 0.0752667 ]
[0.         0.39001834 0.01197425 0.4516002  0.0752667  0.39001834]
[0.11974248 0.5781851  0.01197425 0.5781851  0.13684854 0.70476997]
[-0.12145308  0.51489264 -0.3010668   0.4516002  -0.0513182   0.51489264]
[-0.12145308  0.0752667  -0.3010668   0.01197425 -0.26685464 -0.26685464]
[ 0.3010668   0.3267259  -0.11461065  0.0752667   0.200141    0.26343346]
[0.3010668  0.4516002  0.0752667  0.4516002  0.13684854 0.0752667 ]
[0.         0.39001834 0.01197425 0.4516002  0.0752667  0.39001834]
[0.11974248 0.5781851  0.01197425 0.5781851  0.13684854 0.70476997]
[-0.12145308  0.51489264 -0.3010668   0.4516002  -0.0513182   0.51489264]
[-0.24119556 -0.49094415 -0.1779031  -0.6791109  -0.3010668  -1.057155  ]
[-0.7817473  -0.36435923 -0.8672776  -0.11461065 -0.8672776  -0.11461065]
[-1.2641383  -0.23948495 -0.7424033  -0.11461065 -0.7424033  -0.1779031 ]
[0.         0.39001834 0.01197425 0.4516002  0.0752667  0.39001834]
[0.11974248 0.5781851  0.01197425 0.5781851  0.13684854 0.70476997]
[-0.12145308  0.51489264 -0.3010668   0.4516002  -0.0513182   0.51489264]
[-0.24119556 -0.49094415 -0.1779031  -0.6791109  -0.3010668  -1.057155  ]
[-0.7817473  -0.36435923 -0.8672776  -0.11461065 -0.8672776  -0.11461065]
[-1.2641383  -0.23948495 -0.7424033  -0.11461065 -0.7424033  -0.1779031 ]
[-0.42080927 -0.49094415 -0.1779031  -0.1779031  -0.0513182   0.51489264]
[-0.360938   -0.49094415 -0.0513182  -0.23948495  0.3267259   0.70476997]
[-0.05987124  0.0752667   0.200141    0.3267259   0.4516002   0.8929367 ]
[-0.24119556 -0.49094415 -0.1779031  -0.6791109  -0.3010668  -1.057155  ]
[-0.7817473  -0.36435923 -0.8672776  -0.11461065 -0.8672776  -0.11461065]
[-1.2641383  -0.23948495 -0.7424033  -0.11461065 -0.7424033  -0.1779031 ]
[-0.42080927 -0.49094415 -0.1779031  -0.1779031  -0.0513182   0.51489264]
[-0.360938   -0.49094415 -0.0513182  -0.23948495  0.3267259   0.70476997]
[-0.05987124  0.0752667   0.200141    0.3267259   0.4516002   0.8929367 ]
[0.05987124 0.4516002  0.3267259  0.26343346 0.0752667  0.39001834]
[-0.18132432  0.200141   -0.0513182   0.0752667  -0.23948495  0.0752667 ]
[-0.12145308  0.0752667  -0.11461065 -0.0513182  -0.23948495  0.01197425]
[-0.42080927 -0.49094415 -0.1779031  -0.1779031  -0.0513182   0.51489264]
[-0.360938   -0.49094415 -0.0513182  -0.23948495  0.3267259   0.70476997]
[-0.05987124  0.0752667   0.200141    0.3267259   0.4516002   0.8929367 ]
[0.05987124 0.4516002  0.3267259  0.26343346 0.0752667  0.39001834]
[-0.18132432  0.200141   -0.0513182   0.0752667  -0.23948495  0.0752667 ]
[-0.12145308  0.0752667  -0.11461065 -0.0513182  -0.23948495  0.01197425]
