[-0.10552577 -2.5709915   0.04029166 -2.2870312   0.18227178 -2.0049896 ]
[-0.10552577 -2.5000014   0.2513432  -2.21796     0.11128172 -2.0049896 ]
[-0.10552577 -2.2870312   0.11128172 -2.1469698   0.11128172 -1.9339995 ]
[-0.10552577 -0.2398313   0.04029166 -0.10168847  0.04029166  0.04029166]
[ 0.16500393  0.39332333  0.18227178  0.5353035  -0.03069841  0.39332333]
[ 0.03069841  0.39332333  0.11128172  0.4643134  -0.03069841  0.39332333]
[-0.30698407  0.2513432  -0.3818114   0.39332333 -0.10168847  0.18227178]
[-0.17267853  0.39332333 -0.2398313   0.5353035   0.11128172  0.18227178]
[ 0.09785116  0.6043749  -0.10168847  0.746355    0.11128172  0.2513432 ]
[-0.10552577 -0.2398313   0.04029166 -0.10168847  0.04029166  0.04029166]
[ 0.16500393  0.39332333  0.18227178  0.5353035  -0.03069841  0.39332333]
[ 0.03069841  0.39332333  0.11128172  0.4643134  -0.03069841  0.39332333]
[-0.30698407  0.2513432  -0.3818114   0.39332333 -0.10168847  0.18227178]
[-0.17267853  0.39332333 -0.2398313   0.5353035   0.11128172  0.18227178]
[ 0.09785116  0.6043749  -0.10168847  0.746355    0.11128172  0.2513432 ]
[-1.9953964  -0.31082135 -1.793938    0.11128172 -0.80583316  0.39332333]
[-1.7248666  -0.17075989 -1.5809679   0.11128172 -0.59286296  0.39332333]
[-1.7920194  -0.17075989 -1.5809679   0.18227178 -0.66385305  0.32233325]
[-0.30698407  0.2513432  -0.3818114   0.39332333 -0.10168847  0.18227178]
[-0.17267853  0.39332333 -0.2398313   0.5353035   0.11128172  0.18227178]
[ 0.09785116  0.6043749  -0.10168847  0.746355    0.11128172  0.2513432 ]
[-1.9953964  -0.31082135 -1.793938    0.11128172 -0.80583316  0.39332333]
[-1.7248666  -0.17075989 -1.5809679   0.11128172 -0.59286296  0.39332333]
[-1.7920194  -0.17075989 -1.5809679   0.18227178 -0.66385305  0.32233325]
[-0.23791264 -0.10168847 -0.17075989 -0.80583316 -0.17075989  0.04029166]
[-0.17267853 -0.17075989 -0.10168847 -0.80583316 -0.03069841  0.11128172]
[ 0.2321567  -0.03069841  0.11128172 -0.59286296  0.11128172  0.11128172]
[-1.9953964  -0.31082135 -1.793938    0.11128172 -0.80583316  0.39332333]
[-1.7248666  -0.17075989 -1.5809679   0.11128172 -0.59286296  0.39332333]
[-1.7920194  -0.17075989 -1.5809679   0.18227178 -0.66385305  0.32233325]
[-0.23791264 -0.10168847 -0.17075989 -0.80583316 -0.17075989  0.04029166]
[-0.17267853 -0.17075989 -0.10168847 -0.80583316 -0.03069841  0.11128172]
[ 0.2321567  -0.03069841  0.11128172 -0.59286296  0.11128172  0.11128172]
[ 0.36838087  0.4643134   0.32233325 -0.03069841  0.32233325  0.32233325]
[ 0.03069841  0.39332333  0.18227178 -0.03069841  0.04029166  0.04029166]
[ 0.09785116  0.2513432   0.18227178 -0.03069841  0.32233325  0.18227178]
[-0.23791264 -0.10168847 -0.17075989 -0.80583316 -0.17075989  0.04029166]
[-0.17267853 -0.17075989 -0.10168847 -0.80583316 -0.03069841  0.11128172]
[ 0.2321567  -0.03069841  0.11128172 -0.59286296  0.11128172  0.11128172]
[ 0.36838087  0.4643134   0.32233325 -0.03069841  0.32233325  0.32233325]
[ 0.03069841  0.39332333  0.18227178 -0.03069841  0.04029166  0.04029166]
[ 0.09785116  0.2513432   0.18227178 -0.03069841  0.32233325  0.18227178]
[-0.6446665  -0.80583316 -0.4528015  -1.5118965  -0.2398313  -0.3818114 ]
[0.43553364 1.0993867  0.5353035  1.0283966  0.2513432  0.5353035 ]
[-0.50844234 -0.2398313  -0.4528015  -0.59286296 -0.2398313  -0.2398313 ]
[ 0.36838087  0.4643134   0.32233325 -0.03069841  0.32233325  0.32233325]
[ 0.03069841  0.39332333  0.18227178 -0.03069841  0.04029166  0.04029166]
[ 0.09785116  0.2513432   0.18227178 -0.03069841  0.32233325  0.18227178]
[-0.6446665  -0.80583316 -0.4528015  -1.5118965  -0.2398313  -0.3818114 ]
[0.43553364 1.0993867  0.5353035  1.0283966  0.2513432  0.5353035 ]
[-0.50844234 -0.2398313  -0.4528015  -0.59286296 -0.2398313  -0.2398313 ]
[-0.50844234  0.4643134  -0.03069841  0.4643134  -0.31082135  0.18227178]
[ 0.09785116  0.04029166  0.04029166 -0.03069841  0.18227178  0.04029166]
[ 0.29930946  0.11128172  0.2513432   0.11128172  0.32233325 -0.03069841]
[-0.6446665  -0.80583316 -0.4528015  -1.5118965  -0.2398313  -0.3818114 ]
[0.43553364 1.0993867  0.5353035  1.0283966  0.2513432  0.5353035 ]
[-0.50844234 -0.2398313  -0.4528015  -0.59286296 -0.2398313  -0.2398313 ]
[-0.50844234  0.4643134  -0.03069841  0.4643134  -0.31082135  0.18227178]
[ 0.09785116  0.04029166  0.04029166 -0.03069841  0.18227178  0.04029166]
[ 0.29930946  0.11128172  0.2513432   0.11128172  0.32233325 -0.03069841]
[ 9.011901    9.430166    9.430166    9.430166   -0.20145829 -0.20145829]
[-0.5755951  -0.31082135 -0.66385305 -0.3818114  -0.5218729  -0.5218729 ]
[-0.44128957 -0.17075989 -0.4528015  -0.10168847 -0.3818114  -0.31082135]
[-0.50844234  0.4643134  -0.03069841  0.4643134  -0.31082135  0.18227178]
[ 0.09785116  0.04029166  0.04029166 -0.03069841  0.18227178  0.04029166]
[ 0.29930946  0.11128172  0.2513432   0.11128172  0.32233325 -0.03069841]
[ 9.011901    9.430166    9.430166    9.430166   -0.20145829 -0.20145829]
[-0.5755951  -0.31082135 -0.66385305 -0.3818114  -0.5218729  -0.5218729 ]
[-0.44128957 -0.17075989 -0.4528015  -0.10168847 -0.3818114  -0.31082135]
[0.29930946 0.39332333 0.18227178 0.18227178 0.11128172 0.6043749 ]
[ 0.2321567  -0.03069841  0.2513432   0.11128172  0.18227178  0.11128172]
[ 0.2321567   0.18227178  0.32233325  0.18227178  0.11128172 -0.03069841]
[ 9.011901    9.430166    9.430166    9.430166   -0.20145829 -0.20145829]
[-0.5755951  -0.31082135 -0.66385305 -0.3818114  -0.5218729  -0.5218729 ]
[-0.44128957 -0.17075989 -0.4528015  -0.10168847 -0.3818114  -0.31082135]
[0.29930946 0.39332333 0.18227178 0.18227178 0.11128172 0.6043749 ]
[ 0.2321567  -0.03069841  0.2513432   0.11128172  0.18227178  0.11128172]
[ 0.2321567   0.18227178  0.32233325  0.18227178  0.11128172 -0.03069841]
[0.29930946 0.04029166 0.5353035  0.04029166 0.746355   0.04029166]
[-0.03837301 -0.17075989  0.18227178  0.04029166  0.4643134  -0.10168847]
[-0.17267853 -0.31082135  0.18227178 -0.10168847  0.6043749  -0.10168847]
[0.29930946 0.39332333 0.18227178 0.18227178 0.11128172 0.6043749 ]
[ 0.2321567  -0.03069841  0.2513432   0.11128172  0.18227178  0.11128172]
[ 0.2321567   0.18227178  0.32233325  0.18227178  0.11128172 -0.03069841]
[0.29930946 0.04029166 0.5353035  0.04029166 0.746355   0.04029166]
[-0.03837301 -0.17075989  0.18227178  0.04029166  0.4643134  -0.10168847]
[-0.17267853 -0.31082135  0.18227178 -0.10168847  0.6043749  -0.10168847]
[-0.10552577 -0.31082135 -0.2398313  -0.2398313  -0.17075989 -0.2398313 ]
[-0.10552577 -0.2398313  -0.4528015  -0.4528015  -0.2398313  -0.17075989]
[ 0.43553364  0.18227178 -0.10168847 -0.10168847  0.18227178  0.04029166]
[0.29930946 0.04029166 0.5353035  0.04029166 0.746355   0.04029166]
[-0.03837301 -0.17075989  0.18227178  0.04029166  0.4643134  -0.10168847]
[-0.17267853 -0.31082135  0.18227178 -0.10168847  0.6043749  -0.10168847]
[-0.10552577 -0.31082135 -0.2398313  -0.2398313  -0.17075989 -0.2398313 ]
[-0.10552577 -0.2398313  -0.4528015  -0.4528015  -0.2398313  -0.17075989]
[ 0.43553364  0.18227178 -0.10168847 -0.10168847  0.18227178  0.04029166]
[ 0.09785116 -0.10168847 -0.2398313   0.04029166 -0.10168847  0.4643134 ]
[ 0.43553364 -0.03069841  0.32233325 -0.03069841 -0.03069841 -0.10168847]
[ 0.2321567   0.18227178  0.6753649   0.2513432   0.04029166 -0.17075989]
[-0.10552577 -0.31082135 -0.2398313  -0.2398313  -0.17075989 -0.2398313 ]
[-0.10552577 -0.2398313  -0.4528015  -0.4528015  -0.2398313  -0.17075989]
[ 0.43553364  0.18227178 -0.10168847 -0.10168847  0.18227178  0.04029166]
[ 0.09785116 -0.10168847 -0.2398313   0.04029166 -0.10168847  0.4643134 ]
[ 0.43553364 -0.03069841  0.32233325 -0.03069841 -0.03069841 -0.10168847]
[ 0.2321567   0.18227178  0.6753649   0.2513432   0.04029166 -0.17075989]
[-0.7118193  -0.80583316 -0.5218729  -0.80583316 -0.2398313  -0.10168847]
[-0.10552577 -0.2398313  -0.17075989 -0.17075989 -0.10168847 -0.17075989]
[-0.30698407 -0.3818114  -0.31082135 -0.03069841 -0.17075989 -0.10168847]
[ 0.09785116 -0.10168847 -0.2398313   0.04029166 -0.10168847  0.4643134 ]
[ 0.43553364 -0.03069841  0.32233325 -0.03069841 -0.03069841 -0.10168847]
[ 0.2321567   0.18227178  0.6753649   0.2513432   0.04029166 -0.17075989]
[-0.7118193  -0.80583316 -0.5218729  -0.80583316 -0.2398313  -0.10168847]
[-0.10552577 -0.2398313  -0.17075989 -0.17075989 -0.10168847 -0.17075989]
[-0.30698407 -0.3818114  -0.31082135 -0.03069841 -0.17075989 -0.10168847]
[ 0.6369919   2.3004618   1.87644     1.9474301  -0.10168847  1.4524183 ]
[0.84036887 2.4405231  1.80545    1.9474301  0.4643134  1.9474301 ]
[1.0437458 2.6534934 1.3814282 2.1584816 0.4643134 2.0165014]
[-0.7118193  -0.80583316 -0.5218729  -0.80583316 -0.2398313  -0.10168847]
[-0.10552577 -0.2398313  -0.17075989 -0.17075989 -0.10168847 -0.17075989]
[-0.30698407 -0.3818114  -0.31082135 -0.03069841 -0.17075989 -0.10168847]
[ 0.6369919   2.3004618   1.87644     1.9474301  -0.10168847  1.4524183 ]
[0.84036887 2.4405231  1.80545    1.9474301  0.4643134  1.9474301 ]
[1.0437458 2.6534934 1.3814282 2.1584816 0.4643134 2.0165014]
[ 0.16500393 -0.10168847  0.18227178 -0.2398313   0.2513432  -0.17075989]
[ 0.5026864   0.18227178  0.4643134   0.04029166  0.6753649  -0.17075989]
[ 0.77321607  0.5353035   0.6753649   0.32233325  0.746355   -0.10168847]
[ 0.6369919   2.3004618   1.87644     1.9474301  -0.10168847  1.4524183 ]
[0.84036887 2.4405231  1.80545    1.9474301  0.4643134  1.9474301 ]
[1.0437458 2.6534934 1.3814282 2.1584816 0.4643134 2.0165014]
[ 0.16500393 -0.10168847  0.18227178 -0.2398313   0.2513432  -0.17075989]
[ 0.5026864   0.18227178  0.4643134   0.04029166  0.6753649  -0.17075989]
[ 0.77321607  0.5353035   0.6753649   0.32233325  0.746355   -0.10168847]
[ 0.2321567   0.04029166  0.04029166 -0.03069841 -0.10168847  0.2513432 ]
[-0.03837301 -0.10168847 -0.10168847  0.04029166 -0.10168847  0.2513432 ]
[-0.10552577 -0.17075989 -0.17075989 -0.10168847  0.04029166  0.18227178]
[ 0.16500393 -0.10168847  0.18227178 -0.2398313   0.2513432  -0.17075989]
[ 0.5026864   0.18227178  0.4643134   0.04029166  0.6753649  -0.17075989]
[ 0.77321607  0.5353035   0.6753649   0.32233325  0.746355   -0.10168847]
[ 0.2321567   0.04029166  0.04029166 -0.03069841 -0.10168847  0.2513432 ]
[-0.03837301 -0.10168847 -0.10168847  0.04029166 -0.10168847  0.2513432 ]
[-0.10552577 -0.17075989 -0.17075989 -0.10168847  0.04029166  0.18227178]
[-0.50844234 -0.03069841 -0.2398313  -0.3818114  -0.17075989  0.04029166]
[-0.50844234 -0.31082135 -0.31082135 -0.3818114  -0.10168847  0.04029166]
[-0.17267853  0.04029166 -0.31082135 -0.2398313  -0.10168847  0.11128172]
[ 0.2321567   0.04029166  0.04029166 -0.03069841 -0.10168847  0.2513432 ]
[-0.03837301 -0.10168847 -0.10168847  0.04029166 -0.10168847  0.2513432 ]
[-0.10552577 -0.17075989 -0.17075989 -0.10168847  0.04029166  0.18227178]
[-0.50844234 -0.03069841 -0.2398313  -0.3818114  -0.17075989  0.04029166]
[-0.50844234 -0.31082135 -0.31082135 -0.3818114  -0.10168847  0.04029166]
[-0.17267853  0.04029166 -0.31082135 -0.2398313  -0.10168847  0.11128172]
[-0.23791264  0.11128172 -0.10168847 -0.03069841 -0.17075989  0.18227178]
[-0.23791264 -0.03069841 -0.3818114  -0.03069841 -0.3818114   0.11128172]
[-0.03837301 -0.17075989 -0.4528015  -0.2398313  -0.2398313   0.11128172]
[-0.50844234 -0.03069841 -0.2398313  -0.3818114  -0.17075989  0.04029166]
[-0.50844234 -0.31082135 -0.31082135 -0.3818114  -0.10168847  0.04029166]
[-0.17267853  0.04029166 -0.31082135 -0.2398313  -0.10168847  0.11128172]
[-0.23791264  0.11128172 -0.10168847 -0.03069841 -0.17075989  0.18227178]
[-0.23791264 -0.03069841 -0.3818114  -0.03069841 -0.3818114   0.11128172]
[-0.03837301 -0.17075989 -0.4528015  -0.2398313  -0.2398313   0.11128172]
[ 0.09785116 -0.03069841  0.04029166 -0.17075989  0.4643134   0.32233325]
[-0.17267853  0.11128172 -0.17075989  0.2513432  -0.17075989  0.32233325]
[0.03069841 0.18227178 0.11128172 0.18227178 0.2513432  0.5353035 ]
[-0.23791264  0.11128172 -0.10168847 -0.03069841 -0.17075989  0.18227178]
[-0.23791264 -0.03069841 -0.3818114  -0.03069841 -0.3818114   0.11128172]
[-0.03837301 -0.17075989 -0.4528015  -0.2398313  -0.2398313   0.11128172]
[ 0.09785116 -0.03069841  0.04029166 -0.17075989  0.4643134   0.32233325]
[-0.17267853  0.11128172 -0.17075989  0.2513432  -0.17075989  0.32233325]
[0.03069841 0.18227178 0.11128172 0.18227178 0.2513432  0.5353035 ]
[-0.17267853 -0.31082135 -0.31082135 -0.5218729  -0.4528015  -0.2398313 ]
[-0.03837301 -0.17075989 -0.03069841 -0.17075989  0.04029166 -0.03069841]
[-0.10552577 -0.3818114  -0.2398313  -0.3818114   0.04029166 -0.17075989]
[ 0.09785116 -0.03069841  0.04029166 -0.17075989  0.4643134   0.32233325]
[-0.17267853  0.11128172 -0.17075989  0.2513432  -0.17075989  0.32233325]
[0.03069841 0.18227178 0.11128172 0.18227178 0.2513432  0.5353035 ]
[-0.17267853 -0.31082135 -0.31082135 -0.5218729  -0.4528015  -0.2398313 ]
[-0.03837301 -0.17075989 -0.03069841 -0.17075989  0.04029166 -0.03069841]
[-0.10552577 -0.3818114  -0.2398313  -0.3818114   0.04029166 -0.17075989]
[ 0.16500393 -0.9458946   0.2513432  -1.0168847  -3.1350746  -0.8749046 ]
[-0.30698407 -0.8749046  -0.17075989 -0.80583316 -0.17075989 -0.59286296]
[-0.30698407 -0.80583316 -0.17075989 -0.5218729  -0.03069841 -0.4528015 ]
[-0.17267853 -0.31082135 -0.31082135 -0.5218729  -0.4528015  -0.2398313 ]
[-0.03837301 -0.17075989 -0.03069841 -0.17075989  0.04029166 -0.03069841]
[-0.10552577 -0.3818114  -0.2398313  -0.3818114   0.04029166 -0.17075989]
[ 0.16500393 -0.9458946   0.2513432  -1.0168847  -3.1350746  -0.8749046 ]
[-0.30698407 -0.8749046  -0.17075989 -0.80583316 -0.17075989 -0.59286296]
[-0.30698407 -0.80583316 -0.17075989 -0.5218729  -0.03069841 -0.4528015 ]
[-0.30698407 -0.2398313  -0.5218729  -0.17075989 -0.5218729   0.39332333]
[0.5026864  1.2413667  0.6753649  1.0283966  0.4643134  0.04029166]
[-0.50844234 -0.03069841  0.04029166 -0.10168847 -0.10168847 -0.17075989]
[ 0.16500393 -0.9458946   0.2513432  -1.0168847  -3.1350746  -0.8749046 ]
[-0.30698407 -0.8749046  -0.17075989 -0.80583316 -0.17075989 -0.59286296]
[-0.30698407 -0.80583316 -0.17075989 -0.5218729  -0.03069841 -0.4528015 ]
[-0.30698407 -0.2398313  -0.5218729  -0.17075989 -0.5218729   0.39332333]
[0.5026864  1.2413667  0.6753649  1.0283966  0.4643134  0.04029166]
[-0.50844234 -0.03069841  0.04029166 -0.10168847 -0.10168847 -0.17075989]
[0.16500393 0.6043749  0.6753649  0.39332333 0.18227178 0.6753649 ]
[ 0.5026864   0.11128172  0.5353035  -0.2398313   0.39332333  0.18227178]
[0.6369919 0.6043749 0.8883351 0.4643134 0.5353035 0.746355 ]
[-0.30698407 -0.2398313  -0.5218729  -0.17075989 -0.5218729   0.39332333]
[0.5026864  1.2413667  0.6753649  1.0283966  0.4643134  0.04029166]
[-0.50844234 -0.03069841  0.04029166 -0.10168847 -0.10168847 -0.17075989]
[0.16500393 0.6043749  0.6753649  0.39332333 0.18227178 0.6753649 ]
[ 0.5026864   0.11128172  0.5353035  -0.2398313   0.39332333  0.18227178]
[0.6369919 0.6043749 0.8883351 0.4643134 0.5353035 0.746355 ]
[0.29930946 0.04029166 0.18227178 0.2513432  0.5353035  0.4643134 ]
[ 0.77321607 -0.3818114   0.817345   -0.59286296  0.32233325 -0.4528015 ]
[ 0.29930946 -0.66385305  0.4643134  -0.7348431  -0.10168847 -1.1588649 ]
[0.16500393 0.6043749  0.6753649  0.39332333 0.18227178 0.6753649 ]
[ 0.5026864   0.11128172  0.5353035  -0.2398313   0.39332333  0.18227178]
[0.6369919 0.6043749 0.8883351 0.4643134 0.5353035 0.746355 ]
[0.29930946 0.04029166 0.18227178 0.2513432  0.5353035  0.4643134 ]
[ 0.77321607 -0.3818114   0.817345   -0.59286296  0.32233325 -0.4528015 ]
[ 0.29930946 -0.66385305  0.4643134  -0.7348431  -0.10168847 -1.1588649 ]
[-0.23791264 -0.10168847 -0.17075989  0.2513432  -0.10168847  0.39332333]
[0.16500393 0.18227178 0.18227178 0.5353035  0.04029166 0.32233325]
[ 0.6369919   0.2513432   0.4643134  -0.3818114   0.32233325 -0.03069841]
[0.29930946 0.04029166 0.18227178 0.2513432  0.5353035  0.4643134 ]
[ 0.77321607 -0.3818114   0.817345   -0.59286296  0.32233325 -0.4528015 ]
[ 0.29930946 -0.66385305  0.4643134  -0.7348431  -0.10168847 -1.1588649 ]
[-0.23791264 -0.10168847 -0.17075989  0.2513432  -0.10168847  0.39332333]
[0.16500393 0.18227178 0.18227178 0.5353035  0.04029166 0.32233325]
[ 0.6369919   0.2513432   0.4643134  -0.3818114   0.32233325 -0.03069841]
[ 0.29930946  0.11128172  0.11128172 -0.03069841 -0.4528015   0.04029166]
[ 0.2321567   0.11128172  0.11128172  0.04029166 -0.5218729   0.18227178]
[-0.03837301 -0.10168847 -0.10168847 -0.17075989 -0.66385305  0.18227178]
[-0.23791264 -0.10168847 -0.17075989  0.2513432  -0.10168847  0.39332333]
[0.16500393 0.18227178 0.18227178 0.5353035  0.04029166 0.32233325]
[ 0.6369919   0.2513432   0.4643134  -0.3818114   0.32233325 -0.03069841]
[ 0.29930946  0.11128172  0.11128172 -0.03069841 -0.4528015   0.04029166]
[ 0.2321567   0.11128172  0.11128172  0.04029166 -0.5218729   0.18227178]
[-0.03837301 -0.10168847 -0.10168847 -0.17075989 -0.66385305  0.18227178]
[ 0.29930946  0.32233325 -0.03069841  0.18227178 -0.03069841  0.746355  ]
[-0.10552577  0.18227178 -0.17075989  0.32233325 -0.03069841  0.4643134 ]
[0.16500393 0.5353035  0.18227178 0.6753649  0.2513432  0.6753649 ]
[ 0.29930946  0.11128172  0.11128172 -0.03069841 -0.4528015   0.04029166]
[ 0.2321567   0.11128172  0.11128172  0.04029166 -0.5218729   0.18227178]
[-0.03837301 -0.10168847 -0.10168847 -0.17075989 -0.66385305  0.18227178]
[ 0.29930946  0.32233325 -0.03069841  0.18227178 -0.03069841  0.746355  ]
[-0.10552577  0.18227178 -0.17075989  0.32233325 -0.03069841  0.4643134 ]
[0.16500393 0.5353035  0.18227178 0.6753649  0.2513432  0.6753649 ]
[-0.44128957 -0.3818114  -0.10168847 -0.5218729   0.04029166  0.11128172]
[ 0.36838087 -0.3818114   0.39332333  0.11128172  0.4643134   0.39332333]
[-0.3741368  -0.2398313  -0.31082135 -0.31082135 -0.4528015  -0.31082135]
[ 0.29930946  0.32233325 -0.03069841  0.18227178 -0.03069841  0.746355  ]
[-0.10552577  0.18227178 -0.17075989  0.32233325 -0.03069841  0.4643134 ]
[0.16500393 0.5353035  0.18227178 0.6753649  0.2513432  0.6753649 ]
[-0.44128957 -0.3818114  -0.10168847 -0.5218729   0.04029166  0.11128172]
[ 0.36838087 -0.3818114   0.39332333  0.11128172  0.4643134   0.39332333]
[-0.3741368  -0.2398313  -0.31082135 -0.31082135 -0.4528015  -0.31082135]
[-0.50844234  0.04029166 -0.4528015   0.32233325 -0.31082135  0.11128172]
[-0.778972   -0.2398313  -0.80583316  0.04029166 -0.4528015   0.04029166]
[-0.982349   -0.31082135 -0.9458946   0.11128172 -0.4528015   0.04029166]
[-0.44128957 -0.3818114  -0.10168847 -0.5218729   0.04029166  0.11128172]
[ 0.36838087 -0.3818114   0.39332333  0.11128172  0.4643134   0.39332333]
[-0.3741368  -0.2398313  -0.31082135 -0.31082135 -0.4528015  -0.31082135]
[-0.50844234  0.04029166 -0.4528015   0.32233325 -0.31082135  0.11128172]
[-0.778972   -0.2398313  -0.80583316  0.04029166 -0.4528015   0.04029166]
[-0.982349   -0.31082135 -0.9458946   0.11128172 -0.4528015   0.04029166]
